246 32 00001110101101010111010111111011
219 32 01010011011010101101011111100101
36 32 11011001001100110101111011101110
220 32 11000111000110100110000100001000
101 32 11001000110101100011011100011101
249 32 11101110101100101111100100001111
124 32 11111000010101000100001110110110
17 32 01100000000100001011000100111111
247 32 11010110100011010110110110001001
69 32 10001101110110001101100101010001
218 32 01111110011001111110111111111000
44 32 11011010100011001110101010100001
148 32 10000000110010000010101000110110
152 32 11110101000010111010011101101110
235 32 11111010110010011111100010011100
44 32 00000000011011011100000111001001
79 32 00001101011010110011110100011010
43 32 11001100100111101100110111001110
79 32 01010011111011100011000001101000
218 32 00101000001111111000101100110001
137 32 00010110010111111101100100101001
241 32 00010111110101001101010010111111
4 32 10100111000010110011011101101111
123 32 11001010000110010010111110111100
124 32 11110111011010110110111101010101
17 32 10000111000010110001110001100111
141 32 00010011100100011101001000100111
96 32 11110100100101001010100100011001
126 32 01111001011001101101011101101100
149 32 01001110100001010111001101010010
73 24 100001001000111111001010
25 4 1001
194 31 0100001011111011100101010010011
35 16 0001001001110000
25 16 1001000000110100
164 27 011011100011110011001000011
97 24 100101011100010000111101
88 30 001000001010101100001000101010
165 17 00010110110000110
43 24 010000101010000101000110
226 29 01010010010001101010110100010
92 4 1001
9 12 111101000001
35 26 01001001000101111111010111
213 16 1111011110011111
128 10 1111000001
172 18 000111001101111100
6 16 0010100110010011
82 31 0100000011000010000000011100001
249 17 00000111011001000
72 21 101111111010100011000
87 17 11110100000000000
50 6 011011
30 29 00100111010000110001100110010
85 31 1010101111101010110000001000001
180 24 100011000110111001000101
143 19 1011011110011101111
62 26 01001111010100111110000101
95 4 0110
80 25 1101100000001100011010011
3 11 10110010100
0 22 0010110111011001111101
186 16 1111011011000011
216 20 10010001100010010110
104 5 10010
237 15 101101011011011
222 18 011110010100111010
83 24 101010001000000101111001
209 17 01001000101100111
26 18 000010100011000011
101 12 001100011010
40 8 10100100
233 6 000011
229 8 11000111
11 31 1001101100110001101111010011101
80 26 00111101001101000010001110
88 14 00010101001000
169 13 1101010010110
0 29 10010010001100001111110011100
8 15 000000110010111
33 5 01101
15 31 1110000001001101010101111111000
100 11 00101011111
6 18 000100001010010110
170 6 010111
173 20 01101001100101111000
149 9 110100110
100 21 101111001101100011110
4 28 1011111011001101000011101000
132 28 1010011100100011000001000001
209 11 11101100110
107 21 100001001001001110000
227 27 100101100101100111011001111
1 23 10011110110010010010000
14 8 00100101
148 11 01011011011
228 10 0101110110
118 16 1111000011000010
45 11 01011111000
140 19 0110100110101110110
137 21 010100001000001100000
197 5 11010
136 28 0001010000011011001110100011
13 28 0111110010011100111111010001
151 29 11010000111001110001001000110
137 23 11001001101100000011001
129 14 00010010011001
145 8 10111001
72 16 1111111010111100
45 17 11001001111111111
173 13 0011000011100
79 22 1001010111000101000101
30 26 11001001001001110010101010
171 30 110001100101011000001010101011
181 24 011111110000111011011001
229 26 00111100111001010110100010
123 5 11001
42 15 110110000100100
52 20 11001011000101000111
241 12 101010111111
51 8 10111000
6 19 1100111111100110100
161 31 1100100011100010000000101111001
239 15 100101010111001
5 5 10001
86 28 1101011011100101111001000101
134 22 1110000101100110100111
8 27 100101101011001101101101110
181 13 1001011011000
172 5 11011
80 24 100011011110100100110001
54 9 011011000
51 25 1101111001011000101001101
23 16 0011100001100011
105 13 0110101001101
91 23 01001011001010100000001
109 23 01110100110100010100011
98 10 1000110111
143 20 00001001111111110011
139 12 011000011110
5 25 0110110101010100110110100
118 14 10101111110011
121 14 10111000100011
80 13 0001101101110
239 14 00110011101111
189 26 10000111101011111101110101
217 14 11011010010100
75 31 1101101111000010111101111001011
142 17 00111111001011001
217 24 001101100110001010111010
164 20 00111111000110010110
191 21 000000011100010001000
154 5 00110
33 29 00110001111111101001111100001
129 18 111011010110101001
51 20 01001100100100111111
145 18 001100101011000010
70 5 11110
175 14 10111011000001
102 7 1001101
251 28 0110010111001110101010011111
183 21 011101001011010000010
249 19 1000001011000011010
192 18 111101001110001000
214 24 000001111101001000111011
166 31 0110111001111011011100111000010
42 13 0011000001100
168 13 1010011000110
99 30 011100110101001010001010100101
68 11 10001100101
206 20 11100100110111100000
37 10 1010101111
250 19 1100111010000100110
136 16 1111000000111001
232 17 10100000001010000
234 15 011101001010010
203 10 1001110101
117 14 01101111011011
195 10 0111001011
138 31 1111100001101111011001110110011
180 31 1000011100011110111001111010100
2 29 00100000111111001010111110101
163 8 10000110
231 20 11100110101110000100
177 17 01111011111110100
119 9 101000101
184 7 0110000
161 6 010011
63 17 01111110001000111
107 5 10111
183 15 101000001011110
238 30 110101001110010100000100100101
79 19 0111000110101000111
138 26 01110000001111100111110010
158 24 100111111010001111101010
240 25 0111101000101011011101100
246 26 01000111000011111110010010
98 13 1111100011101
123 18 111111101010011111
167 9 010110010
215 19 0100101011111010111
77 24 000010010101100010100101
155 27 010110110100000111001101110
65 23 01011111011010100011000
112 16 0100100001111001
29 21 011100110100011011000
174 25 1100010000101001100001110
224 19 1111001011011010010
250 21 010011000110000110000
84 27 110111100110000110010101100
167 20 01000110110101000000
105 12 101010100011
248 6 101110
20 27 100111100101011110100011100
233 8 00001100
20 16 1101000011001011
148 16 0000100011000011
236 26 10001010111110010101101101
228 28 1011011011001000100110011011
70 23 10011101011110010011100
251 31 0001001000011110110000101000011
161 18 100100111100001010
83 7 1100010
180 24 100100100111111110111110
133 29 10010111101000110000101000111
227 27 000000100111001011000100110
57 27 010000001011001010110101110
35 7 1111101
137 16 1111100101011001
116 8 11010100
139 27 010110010101011110111101011
41 25 1101101000110011101010111
16 8 10110000
181 29 01010010110000001001110010010
195 6 101010
69 16 1100110010101010
121 7 0101001
116 18 101101110111111100
125 6 111111
70 15 000000101101011
136 27 000000100100111000100111110
213 27 101001010101111000010101000
253 16 1011110011001011
188 23 01101011100010001101000
200 12 011111011001
66 14 01010011010110
24 19 1100010101010001001
170 5 10110
202 28 1011000010111001001100000000
157 17 10100010011000001
209 10 1001100100
0 21 110110000100100001011
24 6 000111
81 10 1001011011
188 30 100111110101111010001101100011
134 31 1000110011111001001101111001111
248 13 0010111100010
64 8 10011110
43 18 000100111001101011
108 26 01001000011101100001001010
190 5 11101
91 18 000110100110010100
167 21 100011001101000001110
206 19 1001010010110000110
144 8 00011001
203 31 0011011111100001001110000011101
130 8 01110111
254 18 110110100000110001
37 4 0000
43 26 10100111010000000010111110
210 31 0111011100010000010110110001011
2 26 11100001010001010111001111
80 24 101001111001100010101000
26 10 1111011110
27 27 010010111110001111010111011
136 7 0100100
82 17 01100110101111111
64 24 000111101000110011111010
103 28 0010100000011111000010110111
198 8 11000010
68 11 10000100001
121 4 0101
246 30 010110000000001011011001100100
78 22 1001110110101110000000
61 23 01010000111110110111101
171 26 11110000001110110000111111
201 26 10000110011001011000110100
228 6 101000
100 14 01001001001000
141 22 0111101011001111011010
57 21 000001111011100110001
74 5 10000
167 10 0000010010
177 19 0001011100111001101
138 8 10000011
133 21 010011010111101100010
172 8 00011011
216 27 110001001010111111101001111
178 28 0100001000100100011110100100
160 12 000101101000
